12222300000000000000000012222300
4l55560000000000000000004sc55600
788[]9000000000000000000788[]900
00455600000000000000000000455600
00455600000000000000000000455600
12455623000000000000000000455600
45,55556000000000000000000455600
45555556222222222222222222455623
455,55s|5555555555555555,k555556
45555556555555555555555555555556
78888889555555555.88888888888889
000000045555555556
000000045555555556
000000045555..5556
000000045555..555600000000012223
0000000455555555562222222224scc6
000000045555555555555555555555v6
00000004555555555555555555555556
00000007888888888888888888888889